开盘	最高	最低	收盘	成交量	时间
31606	31613	31604	31613	68	2018/03/12/21:49:00
31612	31622	31602	31604	129	2018/03/12/21:50:00
31603	31606	31596	31602	98	2018/03/12/21:51:00
31600	31602	31593	31595	101	2018/03/12/21:52:00
31597	31599	31591	31598	80	2018/03/12/21:53:00
31597	31600	31593	31594	52	2018/03/12/21:54:00
31595	31595	31582	31586	122	2018/03/12/21:55:00
31584	31590	31584	31586	60	2018/03/12/21:56:00
31584	31586	31571	31575	121	2018/03/12/21:57:00
31573	31580	31570	31580	70	2018/03/12/21:58:00
31581	31587	31578	31583	39	2018/03/12/21:59:00
31587	31589	31574	31584	104	2018/03/12/22:00:00
31582	31592	31581	31591	75	2018/03/12/22:01:00
31589	31590	31580	31588	40	2018/03/12/22:02:00
31590	31594	31587	31593	58	2018/03/12/22:03:00
31589	31592	31582	31583	42	2018/03/12/22:04:00
31581	31590	31576	31590	62	2018/03/12/22:05:00
31592	31601	31591	31591	100	2018/03/12/22:06:00
31590	31590	31582	31584	45	2018/03/12/22:07:00
31585	31589	31567	31571	110	2018/03/12/22:08:00
31572	31573	31563	31569	113	2018/03/12/22:09:00
31572	31575	31566	31571	67	2018/03/12/22:10:00
31569	31578	31568	31578	39	2018/03/12/22:11:00
31575	31580	31566	31579	49	2018/03/12/22:12:00
31578	31582	31572	31577	49	2018/03/12/22:13:00
31578	31586	31575	31577	86	2018/03/12/22:14:00
31576	31588	31572	31583	90	2018/03/12/22:15:00
31582	31587	31578	31586	49	2018/03/12/22:16:00
31585	31586	31567	31574	68	2018/03/12/22:17:00
31572	31574	31556	31561	138	2018/03/12/22:18:00
31561	31573	31561	31572	41	2018/03/12/22:19:00
31573	31576	31567	31573	39	2018/03/12/22:20:00
31575	31582	31573	31581	41	2018/03/12/22:21:00
31581	31585	31576	31581	47	2018/03/12/22:22:00
31581	31581	31575	31575	28	2018/03/12/22:23:00
31577	31578	31566	31567	55	2018/03/12/22:24:00
31570	31573	31566	31573	21	2018/03/12/22:25:00
31571	31588	31571	31585	71	2018/03/12/22:26:00
31585	31594	31582	31588	103	2018/03/12/22:27:00
31591	31591	31584	31584	52	2018/03/12/22:28:00
31583	31584	31578	31584	28	2018/03/12/22:29:00
31582	31582	31568	31575	73	2018/03/12/22:30:00
31571	31576	31568	31574	48	2018/03/12/22:31:00
31573	31587	31573	31583	57	2018/03/12/22:32:00
31582	31586	31577	31586	52	2018/03/12/22:33:00
31586	31587	31578	31580	39	2018/03/12/22:34:00
31581	31583	31565	31575	135	2018/03/12/22:35:00
31573	31573	31562	31562	91	2018/03/12/22:36:00
31564	31575	31561	31573	98	2018/03/12/22:37:00
31570	31574	31569	31569	40	2018/03/12/22:38:00
31571	31571	31564	31570	54	2018/03/12/22:39:00
31570	31572	31564	31565	112	2018/03/12/22:40:00
31566	31573	31564	31571	131	2018/03/12/22:41:00
31572	31574	31565	31569	124	2018/03/12/22:42:00
31568	31575	31565	31573	45	2018/03/12/22:43:00
31574	31583	31574	31579	58	2018/03/12/22:44:00
31578	31580	31570	31575	108	2018/03/12/22:45:00
31574	31577	31569	31575	81	2018/03/12/22:46:00
31572	31576	31570	31574	31	2018/03/12/22:47:00
31575	31575	31565	31569	78	2018/03/12/22:48:00
31570	31571	31556	31561	218	2018/03/12/22:49:00
31564	31571	31563	31566	60	2018/03/12/22:50:00
31567	31571	31565	31568	65	2018/03/12/22:51:00
31567	31569	31541	31552	331	2018/03/12/22:52:00
31555	31557	31531	31535	241	2018/03/12/22:53:00
31535	31538	31523	31538	155	2018/03/12/22:54:00
31538	31539	31526	31531	117	2018/03/12/22:55:00
31529	31534	31524	31527	101	2018/03/12/22:56:00
31528	31528	31518	31525	93	2018/03/12/22:57:00
31526	31532	31518	31527	81	2018/03/12/22:58:00
31527	31532	31519	31521	175	2018/03/12/22:59:00
31522	31522	31514	31518	135	2018/03/12/23:00:00
31521	31532	31520	31523	87	2018/03/12/23:01:00
31525	31535	31525	31532	70	2018/03/12/23:02:00
31534	31535	31531	31531	42	2018/03/12/23:03:00
31532	31544	31532	31535	98	2018/03/12/23:04:00
31535	31535	31525	31528	138	2018/03/12/23:05:00
31526	31535	31522	31525	110	2018/03/12/23:06:00
31524	31529	31519	31519	84	2018/03/12/23:07:00
31520	31531	31513	31525	133	2018/03/12/23:08:00
31523	31524	31514	31515	75	2018/03/12/23:09:00
31515	31528	31508	31517	249	2018/03/12/23:10:00
31518	31520	31511	31515	62	2018/03/12/23:11:00
31513	31518	31510	31514	59	2018/03/12/23:12:00
31515	31519	31510	31519	38	2018/03/12/23:13:00
31516	31527	31516	31518	80	2018/03/12/23:14:00
31516	31518	31491	31495	256	2018/03/12/23:15:00
31497	31497	31471	31483	346	2018/03/12/23:16:00
31480	31492	31480	31485	89	2018/03/12/23:17:00
31486	31499	31485	31493	90	2018/03/12/23:18:00
31493	31498	31490	31496	47	2018/03/12/23:19:00
31495	31495	31489	31491	78	2018/03/12/23:20:00
31491	31497	31485	31488	67	2018/03/12/23:21:00
31487	31491	31475	31476	100	2018/03/12/23:22:00
31476	31479	31471	31475	63	2018/03/12/23:23:00
31473	31474	31464	31465	142	2018/03/12/23:24:00
31468	31469	31456	31463	208	2018/03/12/23:25:00
31461	31469	31457	31463	135	2018/03/12/23:26:00
31464	31467	31447	31452	189	2018/03/12/23:27:00
31453	31462	31447	31461	132	2018/03/12/23:28:00
31459	31460	31442	31448	158	2018/03/12/23:29:00
31447	31472	31445	31472	211	2018/03/12/23:30:00
31471	31486	31466	31485	197	2018/03/12/23:31:00
31484	31486	31475	31484	137	2018/03/12/23:32:00
31486	31488	31478	31488	63	2018/03/12/23:33:00
31487	31496	31483	31495	261	2018/03/12/23:34:00
31494	31496	31484	31492	89	2018/03/12/23:35:00
31492	31502	31484	31490	203	2018/03/12/23:36:00
31491	31500	31491	31494	142	2018/03/12/23:37:00
31494	31498	31492	31494	62	2018/03/12/23:38:00
31491	31498	31487	31498	55	2018/03/12/23:39:00
31498	31508	31498	31506	108	2018/03/12/23:40:00
31503	31509	31499	31508	77	2018/03/12/23:41:00
31507	31507	31492	31493	59	2018/03/12/23:42:00
31493	31493	31487	31491	61	2018/03/12/23:43:00
31490	31506	31490	31506	89	2018/03/12/23:44:00
31507	31508	31494	31496	98	2018/03/12/23:45:00
31497	31498	31490	31498	47	2018/03/12/23:46:00
31498	31498	31491	31491	45	2018/03/12/23:47:00
31491	31501	31491	31493	60	2018/03/12/23:48:00
31491	31492	31485	31492	69	2018/03/12/23:49:00
31493	31493	31485	31488	62	2018/03/12/23:50:00
31485	31485	31473	31473	89	2018/03/12/23:51:00
31473	31488	31468	31485	109	2018/03/12/23:52:00
31488	31502	31478	31498	98	2018/03/12/23:53:00
31497	31508	31495	31507	80	2018/03/12/23:54:00
31506	31508	31503	31503	64	2018/03/12/23:55:00
31504	31508	31502	31503	33	2018/03/12/23:56:00
31503	31503	31489	31490	48	2018/03/12/23:57:00
31491	31494	31489	31491	35	2018/03/12/23:58:00
31489	31499	31487	31498	76	2018/03/12/23:59:00
31499	31512	31499	31509	95	2018/03/13/00:00:00
31509	31514	31504	31514	69	2018/03/13/00:01:00
31520	31528	31512	31524	117	2018/03/13/00:02:00
31525	31528	31518	31520	57	2018/03/13/00:03:00
31523	31529	31522	31523	53	2018/03/13/00:04:00
31526	31534	31521	31521	66	2018/03/13/00:05:00
31522	31534	31521	31526	56	2018/03/13/00:06:00
31528	31542	31527	31539	99	2018/03/13/00:07:00
31537	31537	31531	31532	46	2018/03/13/00:08:00
31534	31536	31527	31534	51	2018/03/13/00:09:00
31537	31537	31526	31532	44	2018/03/13/00:10:00
31532	31537	31526	31526	52	2018/03/13/00:11:00
31527	31528	31519	31523	125	2018/03/13/00:12:00
31525	31537	31525	31534	82	2018/03/13/00:13:00
31536	31549	31536	31548	57	2018/03/13/00:14:00
31548	31555	31546	31554	81	2018/03/13/00:15:00
31555	31557	31548	31550	35	2018/03/13/00:16:00
31550	31550	31541	31545	33	2018/03/13/00:17:00
31544	31544	31539	31542	24	2018/03/13/00:18:00
31541	31547	31540	31547	24	2018/03/13/00:19:00
31546	31549	31534	31538	136	2018/03/13/00:20:00
31539	31540	31520	31523	59	2018/03/13/00:21:00
31522	31528	31517	31528	67	2018/03/13/00:22:00
31528	31530	31524	31525	19	2018/03/13/00:23:00
31526	31537	31526	31533	32	2018/03/13/00:24:00
31535	31543	31533	31537	27	2018/03/13/00:25:00
31539	31547	31539	31543	36	2018/03/13/00:26:00
31540	31542	31533	31541	27	2018/03/13/00:27:00
31542	31544	31540	31542	18	2018/03/13/00:28:00
31540	31552	31538	31542	45	2018/03/13/00:29:00
31540	31545	31537	31545	18	2018/03/13/00:30:00
31546	31555	31541	31541	27	2018/03/13/00:31:00
31537	31544	31535	31541	10	2018/03/13/00:32:00
31537	31538	31530	31530	27	2018/03/13/00:33:00
31530	31532	31527	31532	16	2018/03/13/00:34:00
31534	31534	31517	31519	66	2018/03/13/00:35:00
31519	31533	31517	31529	61	2018/03/13/00:36:00
31529	31531	31521	31521	21	2018/03/13/00:37:00
31521	31530	31519	31530	19	2018/03/13/00:38:00
31529	31529	31522	31525	32	2018/03/13/00:39:00
31523	31531	31521	31531	24	2018/03/13/00:40:00
31530	31533	31530	31533	15	2018/03/13/00:41:00
31533	31535	31524	31535	38	2018/03/13/00:42:00
31536	31538	31528	31528	24	2018/03/13/00:43:00
31531	31536	31531	31534	10	2018/03/13/00:44:00
31533	31540	31529	31536	66	2018/03/13/00:45:00
31540	31542	31534	31535	24	2018/03/13/00:46:00
31538	31540	31535	31535	10	2018/03/13/00:47:00
31536	31536	31527	31530	26	2018/03/13/00:48:00
31530	31530	31512	31514	65	2018/03/13/00:49:00
31512	31516	31499	31505	130	2018/03/13/00:50:00
31506	31510	31506	31510	5	2018/03/13/00:51:00
31510	31513	31510	31513	13	2018/03/13/00:52:00
31511	31511	31508	31508	7	2018/03/13/00:53:00
31507	31508	31502	31503	26	2018/03/13/00:54:00
31505	31510	31495	31495	79	2018/03/13/00:55:00
31494	31496	31494	31494	10	2018/03/13/00:56:00
31494	31494	31481	31481	28	2018/03/13/00:57:00
31484	31488	31482	31488	20	2018/03/13/00:58:00
31486	31490	31480	31480	23	2018/03/13/00:59:00
31550	31550	31550	31550	204	2018/03/13/09:13:00
31530	31594	31530	31587	875	2018/03/13/09:15:00
31585	31588	31568	31570	300	2018/03/13/09:16:00
31568	31588	31568	31574	294	2018/03/13/09:17:00
31575	31578	31572	31578	92	2018/03/13/09:18:00
31579	31594	31579	31588	324	2018/03/13/09:19:00
31587	31589	31540	31559	599	2018/03/13/09:20:00
31559	31559	31513	31527	742	2018/03/13/09:21:00
31528	31544	31528	31543	269	2018/03/13/09:22:00
31544	31549	31528	31529	228	2018/03/13/09:23:00
31530	31541	31518	31534	321	2018/03/13/09:24:00
31535	31549	31533	31542	217	2018/03/13/09:25:00
31545	31570	31543	31568	364	2018/03/13/09:26:00
31566	31605	31564	31594	591	2018/03/13/09:27:00
31593	31596	31578	31586	338	2018/03/13/09:28:00
31586	31586	31566	31566	298	2018/03/13/09:29:00
31565	31570	31513	31521	1415	2018/03/13/09:30:00
31522	31527	31493	31526	1050	2018/03/13/09:31:00
31526	31539	31518	31532	660	2018/03/13/09:32:00
31536	31536	31491	31503	949	2018/03/13/09:33:00
31503	31517	31485	31492	853	2018/03/13/09:34:00
31490	31527	31488	31521	888	2018/03/13/09:35:00
31520	31549	31505	31546	809	2018/03/13/09:36:00
31548	31585	31548	31564	1289	2018/03/13/09:37:00
31563	31588	31562	31576	653	2018/03/13/09:38:00
31575	31592	31573	31588	509	2018/03/13/09:39:00
31588	31608	31573	31577	1190	2018/03/13/09:40:00
31577	31601	31557	31598	924	2018/03/13/09:41:00
31598	31617	31588	31593	922	2018/03/13/09:42:00
31592	31605	31580	31602	578	2018/03/13/09:43:00
31602	31612	31587	31595	508	2018/03/13/09:44:00
31597	31631	31594	31619	1114	2018/03/13/09:45:00
31619	31626	31602	31612	598	2018/03/13/09:46:00
31612	31630	31605	31614	489	2018/03/13/09:47:00
31615	31636	31614	31635	609	2018/03/13/09:48:00
31633	31656	31619	31648	935	2018/03/13/09:49:00
31647	31667	31643	31663	813	2018/03/13/09:50:00
31662	31692	31658	31678	1104	2018/03/13/09:51:00
31675	31677	31647	31670	1019	2018/03/13/09:52:00
31668	31674	31654	31664	552	2018/03/13/09:53:00
31662	31671	31656	31671	415	2018/03/13/09:54:00
31669	31706	31669	31703	1105	2018/03/13/09:55:00
31704	31714	31687	31694	716	2018/03/13/09:56:00
31696	31701	31681	31695	450	2018/03/13/09:57:00
31696	31697	31678	31682	364	2018/03/13/09:58:00
31680	31681	31660	31668	720	2018/03/13/09:59:00
31668	31684	31658	31661	705	2018/03/13/10:00:00
31661	31681	31659	31679	288	2018/03/13/10:01:00
31678	31681	31660	31661	278	2018/03/13/10:02:00
31660	31662	31646	31647	599	2018/03/13/10:03:00
31646	31654	31640	31648	528	2018/03/13/10:04:00
31646	31646	31616	31623	912	2018/03/13/10:05:00
31624	31635	31623	31623	456	2018/03/13/10:06:00
31622	31624	31605	31615	761	2018/03/13/10:07:00
31615	31615	31586	31586	910	2018/03/13/10:08:00
31586	31601	31581	31592	894	2018/03/13/10:09:00
31592	31617	31588	31611	828	2018/03/13/10:10:00
31611	31620	31605	31609	453	2018/03/13/10:11:00
31609	31617	31601	31610	296	2018/03/13/10:12:00
31609	31629	31606	31621	527	2018/03/13/10:13:00
31620	31633	31608	31616	493	2018/03/13/10:14:00
31616	31624	31608	31621	361	2018/03/13/10:15:00
31621	31638	31619	31634	384	2018/03/13/10:16:00
31634	31644	31632	31640	393	2018/03/13/10:17:00
31641	31649	31641	31648	384	2018/03/13/10:18:00
31647	31651	31623	31631	640	2018/03/13/10:19:00
31630	31634	31611	31621	390	2018/03/13/10:20:00
31623	31623	31608	31612	386	2018/03/13/10:21:00
31612	31626	31611	31614	330	2018/03/13/10:22:00
31615	31618	31605	31608	251	2018/03/13/10:23:00
31608	31625	31606	31615	400	2018/03/13/10:24:00
31617	31625	31614	31622	221	2018/03/13/10:25:00
31622	31635	31617	31619	310	2018/03/13/10:26:00
31617	31625	31602	31605	277	2018/03/13/10:27:00
31604	31605	31587	31602	553	2018/03/13/10:28:00
31601	31609	31587	31588	378	2018/03/13/10:29:00
31588	31597	31570	31575	858	2018/03/13/10:30:00
31573	31576	31563	31564	421	2018/03/13/10:31:00
31564	31575	31564	31569	322	2018/03/13/10:32:00
31571	31581	31561	31570	400	2018/03/13/10:33:00
31569	31578	31567	31573	212	2018/03/13/10:34:00
31572	31578	31564	31568	264	2018/03/13/10:35:00
31569	31575	31553	31559	439	2018/03/13/10:36:00
31561	31564	31544	31549	440	2018/03/13/10:37:00
31548	31562	31548	31555	360	2018/03/13/10:38:00
31554	31568	31554	31562	262	2018/03/13/10:39:00
31563	31565	31555	31560	221	2018/03/13/10:40:00
31562	31578	31560	31572	337	2018/03/13/10:41:00
31572	31574	31564	31564	171	2018/03/13/10:42:00
31565	31572	31561	31568	256	2018/03/13/10:43:00
31570	31575	31552	31560	347	2018/03/13/10:44:00
31561	31567	31554	31562	212	2018/03/13/10:45:00
31562	31584	31561	31580	439	2018/03/13/10:46:00
31578	31593	31576	31588	555	2018/03/13/10:47:00
31588	31592	31579	31582	300	2018/03/13/10:48:00
31580	31592	31579	31590	180	2018/03/13/10:49:00
31590	31591	31575	31580	227	2018/03/13/10:50:00
31580	31581	31564	31565	279	2018/03/13/10:51:00
31565	31574	31562	31572	257	2018/03/13/10:52:00
31572	31578	31561	31561	192	2018/03/13/10:53:00
31562	31574	31562	31565	132	2018/03/13/10:54:00
31566	31570	31535	31537	716	2018/03/13/10:55:00
31537	31550	31534	31546	399	2018/03/13/10:56:00
31547	31565	31547	31559	315	2018/03/13/10:57:00
31559	31573	31558	31562	220	2018/03/13/10:58:00
31562	31564	31550	31552	203	2018/03/13/10:59:00
31551	31552	31526	31533	642	2018/03/13/11:00:00
31534	31537	31524	31527	333	2018/03/13/11:01:00
31525	31543	31525	31534	401	2018/03/13/11:02:00
31535	31547	31533	31534	319	2018/03/13/11:03:00
31534	31538	31525	31535	295	2018/03/13/11:04:00
31535	31543	31527	31540	240	2018/03/13/11:05:00
31540	31549	31536	31545	272	2018/03/13/11:06:00
31546	31547	31535	31537	183	2018/03/13/11:07:00
31538	31542	31525	31528	289	2018/03/13/11:08:00
31526	31532	31511	31515	546	2018/03/13/11:09:00
31516	31542	31515	31542	367	2018/03/13/11:10:00
31540	31554	31537	31549	545	2018/03/13/11:11:00
31550	31553	31535	31542	288	2018/03/13/11:12:00
31540	31551	31536	31544	226	2018/03/13/11:13:00
31544	31544	31530	31535	207	2018/03/13/11:14:00
31535	31557	31530	31554	441	2018/03/13/11:15:00
31552	31561	31550	31554	342	2018/03/13/11:16:00
31554	31567	31551	31564	341	2018/03/13/11:17:00
31563	31567	31555	31557	200	2018/03/13/11:18:00
31557	31560	31547	31552	186	2018/03/13/11:19:00
31553	31554	31545	31551	176	2018/03/13/11:20:00
31552	31562	31528	31534	457	2018/03/13/11:21:00
31535	31539	31527	31539	311	2018/03/13/11:22:00
31538	31541	31531	31538	230	2018/03/13/11:23:00
31538	31550	31532	31540	274	2018/03/13/11:24:00
31540	31574	31540	31569	582	2018/03/13/11:25:00
31569	31569	31550	31558	308	2018/03/13/11:26:00
31557	31565	31556	31558	205	2018/03/13/11:27:00
31559	31567	31559	31562	138	2018/03/13/11:28:00
31561	31562	31552	31559	188	2018/03/13/11:29:00
31561	31565	31554	31558	135	2018/03/13/11:30:00
31557	31562	31553	31558	122	2018/03/13/11:31:00
31558	31563	31557	31559	85	2018/03/13/11:32:00
31561	31562	31557	31559	72	2018/03/13/11:33:00
31560	31569	31560	31564	135	2018/03/13/11:34:00
31565	31589	31563	31584	418	2018/03/13/11:35:00
31582	31585	31575	31578	162	2018/03/13/11:36:00
31576	31577	31572	31574	93	2018/03/13/11:37:00
31574	31576	31566	31569	96	2018/03/13/11:38:00
31568	31570	31562	31565	153	2018/03/13/11:39:00
31565	31568	31553	31556	179	2018/03/13/11:40:00
31558	31558	31548	31552	142	2018/03/13/11:41:00
31554	31557	31551	31555	82	2018/03/13/11:42:00
31555	31560	31548	31550	97	2018/03/13/11:43:00
31550	31551	31537	31541	197	2018/03/13/11:44:00
31540	31545	31539	31543	71	2018/03/13/11:45:00
31543	31553	31542	31549	109	2018/03/13/11:46:00
31550	31550	31544	31547	33	2018/03/13/11:47:00
31547	31555	31547	31550	101	2018/03/13/11:48:00
31550	31555	31550	31550	41	2018/03/13/11:49:00
31550	31550	31524	31528	353	2018/03/13/11:50:00
31530	31532	31519	31528	251	2018/03/13/11:51:00
31528	31530	31519	31523	141	2018/03/13/11:52:00
31524	31537	31523	31529	161	2018/03/13/11:53:00
31527	31529	31513	31520	215	2018/03/13/11:54:00
31520	31530	31518	31528	140	2018/03/13/11:55:00
31529	31540	31529	31539	127	2018/03/13/11:56:00
31539	31540	31534	31534	79	2018/03/13/11:57:00
31535	31536	31525	31525	112	2018/03/13/11:58:00
31525	31534	31525	31529	207	2018/03/13/11:59:00
31540	31540	31540	31540	34	2018/03/13/12:58:00
31542	31542	31542	31542	2	2018/03/13/12:59:00
31540	31551	31530	31548	364	2018/03/13/13:00:00
31549	31553	31532	31540	290	2018/03/13/13:01:00
31539	31545	31524	31527	221	2018/03/13/13:02:00
31524	31532	31521	31529	122	2018/03/13/13:03:00
31530	31538	31524	31536	114	2018/03/13/13:04:00
31538	31545	31536	31543	152	2018/03/13/13:05:00
31544	31551	31540	31550	137	2018/03/13/13:06:00
31550	31554	31543	31552	136	2018/03/13/13:07:00
31554	31559	31545	31555	207	2018/03/13/13:08:00
31554	31557	31545	31546	99	2018/03/13/13:09:00
31548	31555	31545	31555	112	2018/03/13/13:10:00
31555	31562	31553	31556	166	2018/03/13/13:11:00
31554	31558	31548	31554	126	2018/03/13/13:12:00
31554	31567	31554	31562	236	2018/03/13/13:13:00
31560	31563	31557	31559	117	2018/03/13/13:14:00
31559	31575	31558	31569	310	2018/03/13/13:15:00
31563	31568	31561	31563	134	2018/03/13/13:16:00
31563	31567	31558	31562	137	2018/03/13/13:17:00
31561	31562	31551	31553	157	2018/03/13/13:18:00
31554	31558	31551	31553	99	2018/03/13/13:19:00
31554	31560	31551	31552	117	2018/03/13/13:20:00
31552	31560	31552	31556	56	2018/03/13/13:21:00
31558	31577	31556	31569	311	2018/03/13/13:22:00
31568	31572	31559	31565	204	2018/03/13/13:23:00
31565	31565	31552	31558	186	2018/03/13/13:24:00
31560	31568	31559	31563	163	2018/03/13/13:25:00
31562	31566	31560	31560	61	2018/03/13/13:26:00
31561	31561	31543	31545	252	2018/03/13/13:27:00
31545	31567	31545	31567	216	2018/03/13/13:28:00
31567	31571	31562	31564	162	2018/03/13/13:29:00
31565	31585	31564	31579	412	2018/03/13/13:30:00
31579	31579	31566	31569	214	2018/03/13/13:31:00
31568	31571	31559	31563	222	2018/03/13/13:32:00
31563	31566	31559	31563	81	2018/03/13/13:33:00
31564	31575	31561	31569	157	2018/03/13/13:34:00
31571	31579	31567	31576	135	2018/03/13/13:35:00
31574	31576	31565	31567	161	2018/03/13/13:36:00
31567	31568	31557	31567	177	2018/03/13/13:37:00
31567	31572	31566	31568	95	2018/03/13/13:38:00
31569	31574	31557	31560	163	2018/03/13/13:39:00
31559	31566	31557	31559	98	2018/03/13/13:40:00
31561	31566	31554	31565	172	2018/03/13/13:41:00
31564	31574	31561	31570	103	2018/03/13/13:42:00
31570	31572	31568	31570	73	2018/03/13/13:43:00
31571	31598	31571	31589	606	2018/03/13/13:44:00
31589	31607	31584	31603	580	2018/03/13/13:45:00
31597	31607	31596	31606	394	2018/03/13/13:46:00
31614	31615	31605	31608	349	2018/03/13/13:47:00
31608	31612	31598	31612	245	2018/03/13/13:48:00
31612	31613	31603	31607	245	2018/03/13/13:49:00
31610	31611	31602	31609	187	2018/03/13/13:50:00
31610	31619	31609	31612	245	2018/03/13/13:51:00
31612	31613	31596	31605	295	2018/03/13/13:52:00
31606	31608	31598	31603	160	2018/03/13/13:53:00
31604	31615	31601	31612	258	2018/03/13/13:54:00
31610	31614	31601	31604	175	2018/03/13/13:55:00
31604	31604	31591	31591	294	2018/03/13/13:56:00
31592	31596	31576	31580	455	2018/03/13/13:57:00
31582	31594	31580	31588	201	2018/03/13/13:58:00
31587	31591	31586	31589	103	2018/03/13/13:59:00
31589	31590	31580	31583	148	2018/03/13/14:00:00
31584	31590	31581	31585	215	2018/03/13/14:01:00
31585	31587	31576	31578	168	2018/03/13/14:02:00
31579	31587	31577	31580	143	2018/03/13/14:03:00
31579	31581	31562	31569	482	2018/03/13/14:04:00
31571	31573	31566	31569	146	2018/03/13/14:05:00
31570	31571	31563	31564	106	2018/03/13/14:06:00
31565	31565	31555	31561	255	2018/03/13/14:07:00
31562	31571	31560	31571	163	2018/03/13/14:08:00
31570	31574	31566	31568	202	2018/03/13/14:09:00
31568	31572	31566	31572	117	2018/03/13/14:10:00
31571	31573	31562	31569	168	2018/03/13/14:11:00
31569	31574	31566	31569	122	2018/03/13/14:12:00
31568	31568	31561	31568	116	2018/03/13/14:13:00
31568	31571	31566	31567	96	2018/03/13/14:14:00
31565	31567	31546	31556	420	2018/03/13/14:15:00
31556	31558	31551	31554	161	2018/03/13/14:16:00
31553	31556	31548	31553	191	2018/03/13/14:17:00
31551	31558	31547	31549	127	2018/03/13/14:18:00
31548	31550	31532	31538	513	2018/03/13/14:19:00
31533	31540	31529	31535	389	2018/03/13/14:20:00
31537	31550	31535	31541	240	2018/03/13/14:21:00
31542	31549	31541	31544	128	2018/03/13/14:22:00
31544	31550	31540	31540	122	2018/03/13/14:23:00
31540	31543	31537	31538	167	2018/03/13/14:24:00
31538	31552	31537	31548	167	2018/03/13/14:25:00
31549	31554	31547	31554	128	2018/03/13/14:26:00
31555	31557	31548	31550	144	2018/03/13/14:27:00
31549	31552	31545	31550	116	2018/03/13/14:28:00
31550	31555	31546	31553	95	2018/03/13/14:29:00
31553	31553	31541	31544	192	2018/03/13/14:30:00
31545	31545	31521	31531	452	2018/03/13/14:31:00
31533	31551	31531	31546	206	2018/03/13/14:32:00
31546	31552	31546	31548	111	2018/03/13/14:33:00
31547	31550	31541	31542	105	2018/03/13/14:34:00
31546	31550	31541	31550	93	2018/03/13/14:35:00
31549	31568	31546	31563	410	2018/03/13/14:36:00
31562	31562	31554	31557	129	2018/03/13/14:37:00
31556	31561	31554	31558	106	2018/03/13/14:38:00
31558	31561	31555	31556	76	2018/03/13/14:39:00
31555	31558	31550	31553	116	2018/03/13/14:40:00
31555	31555	31544	31544	118	2018/03/13/14:41:00
31543	31550	31542	31542	108	2018/03/13/14:42:00
31542	31545	31537	31541	178	2018/03/13/14:43:00
31542	31542	31532	31540	180	2018/03/13/14:44:00
31542	31547	31539	31543	104	2018/03/13/14:45:00
31542	31543	31532	31538	202	2018/03/13/14:46:00
31538	31548	31538	31544	157	2018/03/13/14:47:00
31542	31549	31536	31540	120	2018/03/13/14:48:00
31541	31545	31539	31542	107	2018/03/13/14:49:00
31542	31542	31531	31536	183	2018/03/13/14:50:00
31535	31537	31524	31526	232	2018/03/13/14:51:00
31525	31532	31523	31529	202	2018/03/13/14:52:00
31527	31532	31511	31516	446	2018/03/13/14:53:00
31515	31520	31501	31518	585	2018/03/13/14:54:00
31516	31528	31516	31526	236	2018/03/13/14:55:00
31527	31528	31522	31526	87	2018/03/13/14:56:00
31526	31534	31523	31525	201	2018/03/13/14:57:00
31525	31530	31517	31518	178	2018/03/13/14:58:00
31520	31525	31517	31519	170	2018/03/13/14:59:00
31516	31548	31514	31548	409	2018/03/13/15:00:00
31548	31551	31530	31534	289	2018/03/13/15:01:00
31535	31538	31521	31535	141	2018/03/13/15:02:00
31534	31539	31532	31535	137	2018/03/13/15:03:00
31538	31545	31535	31539	104	2018/03/13/15:04:00
31541	31542	31536	31538	93	2018/03/13/15:05:00
31536	31540	31518	31526	219	2018/03/13/15:06:00
31525	31530	31521	31525	119	2018/03/13/15:07:00
31527	31530	31518	31524	149	2018/03/13/15:08:00
31526	31547	31525	31543	217	2018/03/13/15:09:00
31544	31547	31533	31541	199	2018/03/13/15:10:00
31540	31542	31537	31541	69	2018/03/13/15:11:00
31541	31545	31534	31544	98	2018/03/13/15:12:00
31545	31560	31545	31555	407	2018/03/13/15:13:00
31555	31560	31552	31558	147	2018/03/13/15:14:00
31556	31574	31552	31569	405	2018/03/13/15:15:00
31569	31571	31560	31562	191	2018/03/13/15:16:00
31560	31567	31557	31561	121	2018/03/13/15:17:00
31563	31563	31553	31558	105	2018/03/13/15:18:00
31560	31564	31556	31561	106	2018/03/13/15:19:00
31562	31564	31552	31558	134	2018/03/13/15:20:00
31558	31560	31555	31558	96	2018/03/13/15:21:00
31557	31559	31546	31549	194	2018/03/13/15:22:00
31550	31555	31544	31553	147	2018/03/13/15:23:00
31553	31555	31549	31555	56	2018/03/13/15:24:00
31554	31563	31553	31560	106	2018/03/13/15:25:00
31560	31567	31560	31564	123	2018/03/13/15:26:00
31564	31579	31564	31570	290	2018/03/13/15:27:00
31569	31585	31568	31582	265	2018/03/13/15:28:00
31581	31582	31571	31578	171	2018/03/13/15:29:00
31577	31592	31576	31588	411	2018/03/13/15:30:00
31586	31594	31585	31590	225	2018/03/13/15:31:00
31589	31591	31580	31581	208	2018/03/13/15:32:00
31583	31584	31572	31574	150	2018/03/13/15:33:00
31571	31575	31566	31569	207	2018/03/13/15:34:00
31570	31576	31568	31573	129	2018/03/13/15:35:00
31572	31576	31562	31567	129	2018/03/13/15:36:00
31567	31570	31560	31562	120	2018/03/13/15:37:00
31559	31561	31551	31558	247	2018/03/13/15:38:00
31556	31561	31554	31558	132	2018/03/13/15:39:00
31560	31560	31542	31546	271	2018/03/13/15:40:00
31546	31550	31542	31548	159	2018/03/13/15:41:00
31549	31554	31548	31549	136	2018/03/13/15:42:00
31549	31551	31545	31545	71	2018/03/13/15:43:00
31545	31545	31536	31537	164	2018/03/13/15:44:00
31537	31545	31536	31539	144	2018/03/13/15:45:00
31538	31544	31538	31543	157	2018/03/13/15:46:00
31542	31550	31542	31545	131	2018/03/13/15:47:00
31546	31554	31539	31554	155	2018/03/13/15:48:00
31552	31560	31551	31556	196	2018/03/13/15:49:00
31555	31558	31552	31555	100	2018/03/13/15:50:00
31555	31571	31554	31565	311	2018/03/13/15:51:00
31565	31566	31554	31557	203	2018/03/13/15:52:00
31555	31558	31548	31549	138	2018/03/13/15:53:00
31548	31557	31548	31557	143	2018/03/13/15:54:00
31557	31572	31556	31570	304	2018/03/13/15:55:00
31572	31578	31571	31575	201	2018/03/13/15:56:00
31575	31580	31570	31572	222	2018/03/13/15:57:00
31572	31575	31566	31570	186	2018/03/13/15:58:00
31571	31574	31559	31572	241	2018/03/13/15:59:00
31574	31598	31573	31596	423	2018/03/13/16:00:00
31596	31609	31594	31601	445	2018/03/13/16:01:00
31601	31605	31592	31596	182	2018/03/13/16:02:00
31598	31603	31592	31597	203	2018/03/13/16:03:00
31597	31602	31593	31595	163	2018/03/13/16:04:00
31595	31604	31591	31601	201	2018/03/13/16:05:00
31601	31617	31601	31613	312	2018/03/13/16:06:00
31612	31626	31607	31623	298	2018/03/13/16:07:00
31624	31633	31617	31629	500	2018/03/13/16:08:00
31627	31639	31614	31620	631	2018/03/13/16:09:00
31622	31624	31605	31609	297	2018/03/13/16:10:00
31610	31613	31597	31605	228	2018/03/13/16:11:00
31605	31614	31604	31612	123	2018/03/13/16:12:00
31614	31615	31604	31612	151	2018/03/13/16:13:00
31613	31619	31595	31599	267	2018/03/13/16:14:00
31599	31600	31592	31597	155	2018/03/13/16:15:00
31596	31602	31591	31602	102	2018/03/13/16:16:00
31602	31612	31602	31604	73	2018/03/13/16:17:00
31605	31606	31599	31605	51	2018/03/13/16:18:00
31603	31618	31603	31612	105	2018/03/13/16:19:00
31615	31618	31609	31618	141	2018/03/13/16:20:00
31619	31620	31601	31601	61	2018/03/13/16:21:00
31601	31606	31601	31603	41	2018/03/13/16:22:00
31606	31606	31598	31601	72	2018/03/13/16:23:00
31602	31623	31602	31618	309	2018/03/13/16:24:00
31620	31621	31601	31614	316	2018/03/13/16:25:00
31615	31618	31605	31608	48	2018/03/13/16:26:00
31605	31613	31605	31612	84	2018/03/13/16:27:00
31608	31611	31590	31594	105	2018/03/13/16:28:00
31594	31596	31582	31586	202	2018/03/13/16:29:00
